  1000.0   0.9404E+01
  1100.0   0.5406E+01
  1200.0   0.3215E+01
  1300.0   0.1966E+01
  1400.0   0.1232E+01
  1500.0   0.7882E+00
  1600.0   0.5135E+00
  1700.0   0.3400E+00
  1800.0   0.2283E+00
  1900.0   0.1553E+00
  2000.0   0.1068E+00
  2100.0   0.7425E-01
  2200.0   0.5207E-01
  2300.0   0.3683E-01
  2400.0   0.2625E-01
  2500.0   0.1884E-01
  2600.0   0.1360E-01
  2700.0   0.9880E-02
  2800.0   0.7215E-02
  2900.0   0.5294E-02
  3000.0   0.3903E-02
  3100.0   0.2888E-02
  3200.0   0.2146E-02
  3300.0   0.1600E-02
  3400.0   0.1197E-02
  3500.0   0.8984E-03
  3600.0   0.6760E-03
  3700.0   0.5100E-03
  3800.0   0.3857E-03
  3900.0   0.2923E-03
  4000.0   0.2220E-03
  4100.0   0.1689E-03
  4200.0   0.1288E-03
  4300.0   0.9834E-04
  4400.0   0.7521E-04
  4500.0   0.5760E-04
  4600.0   0.4418E-04
  4700.0   0.3392E-04
  4800.0   0.2608E-04
  4900.0   0.2007E-04
  5000.0   0.1546E-04
  5100.0   0.1193E-04
  5200.0   0.9205E-05
  5300.0   0.7112E-05
  5400.0   0.5500E-05
  5500.0   0.4256E-05
  5600.0   0.3297E-05
  5700.0   0.2555E-05
  5800.0   0.1982E-05
  5900.0   0.1539E-05
  6000.0   0.1196E-05
  6100.0   0.9295E-06
  6200.0   0.7232E-06
  6300.0   0.5631E-06
  6400.0   0.4388E-06
  6500.0   0.3422E-06
  6600.0   0.2671E-06
  6700.0   0.2086E-06
  6800.0   0.1630E-06
  6900.0   0.1275E-06
  7000.0   0.9984E-07
  7100.0   0.7823E-07
  7200.0   0.6134E-07
  7300.0   0.4813E-07
  7400.0   0.3780E-07
  7500.0   0.2971E-07
  7600.0   0.2336E-07
  7700.0   0.1839E-07
  7800.0   0.1448E-07
  7900.0   0.1141E-07
  8000.0   0.8997E-08
  8100.0   0.7098E-08
  8200.0   0.5603E-08
  8300.0   0.4424E-08
  8400.0   0.3495E-08
  8500.0   0.2763E-08
  8600.0   0.2184E-08
  8700.0   0.1727E-08
  8800.0   0.1367E-08
  8900.0   0.1081E-08
  9000.0   0.8561E-09
